0.552
0.558
0.546
0.512
0.226
0.678
0.742
0.754
0.764
0.724
0.636
0.642
0.628
0.59
0.602
0.838
0.776
0.732
0.702
0.618
0.476
0.436
0.4
0.4
0.474
0.336
0.48
0.308
0.482
0.232
0.508
0.492
0.278
0.354
0.484
0.432
0.436
0.406
0.384
0.624
0.498
0.566
0.644
0.638
0.456
0.71
0.542
0.534
0.56
0.596
0.696
0.712
0.518
0.462
0.372
0.312
0.238
0.388
0.33
0.326
0.54
0.5
0.324
0.262
0.334
0.59
0.678
0.516
0.626
0.51
0.698
0.582
0.424
0.568
0.542
0.62
0.412
0.374
0.326
0.348
0.706
0.628
0.596
0.562
0.508
0.634
0.684
0.698
0.658
0.608
0.768
0.646
0.596
0.578
0.49
0.492
0.462
0.354
0.57
0.494
0.432
0.436
0.406
0.384
0.624
0.416
0.114
0.09
0.314
0.326
0.832
0.654
0.568
0.676
0.578
0.734
0.76
0.682
0.696
0.72
0.658
0.568
0.424
0.436
0.47
0.666
0.6
0.392
0.448
0.59
0.592
0.69
0.656
0.582
0.578
0.772
0.628
0.54
0.718
0.604
0.612
0.566
0.536
0.516
0.492
0.798
0.376
0.366
0.362
0.464
0.788
0.804
0.76
0.382
0.582
0.27
0.188
0.202
0.238
0.192
0.68
0.642
0.638
0.622
0.606
0.44
0.392
0.38
0.33
0.384
0.36
0.298
0.252
0.226
0.242
0.564
0.482
0.394
0.356
0.342
0.578
0.566
0.566
0.53
0.324
0.906
0.872
0.778
0.798
0.774
0.842
0.82
0.698
0.494
0.436
0.77
0.63
0.556
0.476
0.62
0.482
0.486
0.446
0.45
0.326
0.626
0.822
0.798
0.588
0.684
0.722
0.656
0.626
0.586
0.582
0.812
0.74
0.656
0.51
0.282
0.666
0.416
0.356
0.376
0.364
0.7
0.574
0.434
0.558
0.434
0.694
0.588
0.58
0.48
0.44
0.688
0.482
0.572
0.416
0.398
0.754
0.726
0.774
0.802
0.768
0.764
0.788
0.628
0.792
0.774
0.536
0.51
0.522
0.648
0.454
0.5
0.414
0.37
0.28
0.222
0.564
0.504
0.488
0.476
0.46
0.518
0.252
0.726
0.51
0.462
0.58
0.578
0.562
0.558
0.522
0.728
0.634
0.596
0.548
0.514
0.73
0.684
0.452
0.25
0.49
