0.84711456
0.85657907
0.78971505
0.9596125
1.4989152
0.70755386
0.66195184
0.6089255
0.6112107
0.7853428
0.9554813
0.9728181
1.0074102
1.0574447
0.9830386
0.716686
0.85286516
0.9598979
1.1206288
1.1103426
1.5804864
1.3415712
1.5537393
1.5195509
1.2805701
1.898923
1.7570844
1.9332213
1.8286762
2.0312097
1.4736212
1.4762404
1.9820732
1.8154111
1.7109551
1.1954445
1.2985008
1.3920083
1.3762159
0.8506523
1.1437944
0.94187707
0.9966869
0.8112363
1.1253036
0.8810359
1.2115167
1.1392559
1.0142001
0.9489009
1.0722715
0.9696555
1.3898252
1.5172077
1.3512473
1.4525939
1.6120983
1.2924429
1.3726239
1.4221065
1.234186
1.3149323
1.7308985
1.6063735
1.607836
0.9729354
2.105359
1.5990983
2.3351414
2.0797474
0.78231883
1.013413
1.3737289
1.0325848
1.1628515
0.96023816
1.2433758
1.3822808
1.5384895
1.4743495
0.67901886
0.73343223
0.84779805
0.93700457
0.97916204
0.74741274
0.78931147
0.6610515
0.78645897
0.8134027
0.5601806
0.84348345
0.9188548
0.91940784
0.9928421
1.9166266
2.1027846
2.2963681
1.306756
1.5895411
1.1954445
1.2985008
1.3920083
1.3762159
0.8506523
1.3861228
2.007536
2.3586493
1.4505693
1.5659271
0.5697639
0.8220824
1.1057292
0.9511403
1.0389861
0.6899862
0.82936215
0.92608595
0.8015892
0.8349862
0.8341981
1.1058606
1.4057407
1.3823409
1.2640246
0.8102396
0.9739632
1.691188
1.482691
1.2055751
1.2685683
1.0703818
1.1135201
1.2888249
1.2080986
0.5818093
0.927155
1.0930277
0.805842
0.94992316
0.88882715
1.0533962
1.2054994
1.1708527
1.2207594
0.39294398
1.1080577
1.2240247
1.1798077
1.0114456
0.59728265
0.82406664
0.77280825
1.1688628
1.1003115
1.4954531
1.6409415
1.4920068
1.5171998
1.612094
0.8035298
0.79436046
0.6963885
0.667818
0.8316321
1.1056831
1.1071074
1.312207
1.3443667
1.3627964
1.3596123
1.6285386
1.6110744
1.6862231
1.6604847
0.99133366
1.1720849
1.2612036
1.360406
1.4051466
0.9317649
0.98309606
1.0388097
1.0993974
1.527449
0.27638304
0.39605808
0.6070617
0.6327141
0.63710934
0.4846444
0.4252986
0.5867096
0.8923373
0.9643471
0.57797587
0.85635805
1.1136947
1.1541846
0.8610175
1.2493075
1.2722952
1.4280229
1.2604157
1.7561125
0.90372825
0.53873885
0.55780137
0.90314716
1.1872993
0.88131404
1.0427549
1.0837759
1.1871989
1.2518623
0.9506651
1.0911232
1.258387
1.240612
1.6907773
0.9707717
1.523186
1.5542222
1.6192689
1.535446
0.5632466
1.1295648
1.2360399
1.1548434
1.2543807
0.74205786
0.89271057
0.91220766
1.2998749
1.288954
0.843395
0.9710125
1.0652654
1.2534745
1.4042325
0.649049
0.72856116
0.6704494
0.6150805
0.58619255
1.3109207
1.1565764
1.0707524
1.058681
1.0271748
1.2296342
1.2662444
1.1366961
0.9120329
1.233829
1.1423604
1.2804613
1.4254744
1.5314313
1.607028
0.93144345
1.1175833
1.1661035
1.1912688
1.2738152
1.4109699
2.0883682
1.1321152
1.5579547
1.7881845
0.9237044
0.88702655
1.0494745
1.0660036
1.0679796
0.98366386
1.1752805
1.3294153
1.3397368
1.4058666
1.8111053
1.4468114
1.7579918
2.1539824
1.3113394
